12 30 45 48 19
36 7 48 3 0
38 6 21 40 31
30 41 28 43 52
3 23 27 35 15
27 15 8 24 16
47 33 27 43 20
46 49 29 15 2
13 2 42 3 45
4 40 15 39 48
43 31 18 21 47
11 51 21 22 36
16 0 5 24 32
28 47 11 24 21
18 32 2 33 17
45 14 17 4 26
52 10 8 5 42
19 38 13 39 42
32 44 6 40 31
36 11 52 48 13
51 3 46 13 32
10 38 22 30 37
49 30 36 35 39
48 33 36 47 20
13 46 10 37 3
38 43 35 32 49
41 32 20 8 7
43 7 40 45 28
19 1 27 5 46
40 1 11 43 30
34 6 19 7 29
14 35 52 45 0
12 22 37 26 46
42 47 8 29 39
5 23 21 42 13
35 32 20 34 31
50 4 18 5 7
25 5 33 20 14
48 46 6 49 42
16 44 33 2 8